0 222
1 51
2 206
3 291
4 328
5 463
6 733
7 809
8 856
9 1188
10 940
11 612
12 478
13 541
14 742
15 1019
16 1280
17 1480
18 1599
19 1767
20 1952
21 2001
22 2224
23 2307
24 2443
25 2556
26 2686
27 2743
28 2814
29 3012
30 2924
31 2973
32 2910
33 2946
34 2888
35 2760
36 2677
37 2511
38 2412
39 2244
40 2063
41 1915
42 1716
43 1481
44 1371
45 1296
46 1225
47 1139
48 1138
49 981
50 1019
51 982
52 940
53 907
54 875
55 890
56 913
57 838
58 844
59 872
60 849
61 880
62 902
63 882
64 842
65 849
66 847
67 820
68 826
69 830
70 825
71 776
72 772
73 766
74 777
75 757
76 758
77 740
78 686
79 723
80 674
81 623
82 636
83 620
84 533
85 549
86 589
87 566
88 569
89 530
90 519
91 573
92 527
93 478
94 490
95 481
96 504
97 542
98 474
99 489
100 483
101 517
102 462
103 540
104 471
105 513
106 478
107 481
108 525
109 493
110 539
111 572
112 565
113 569
114 566
115 568
116 574
117 570
118 646
119 696
120 919
121 1009
122 882
123 726
124 574
125 574
126 492
127 483
128 489
129 506
130 495
131 449
132 474
133 467
134 442
135 430
136 494
137 437
138 420
139 385
140 389
141 393
142 409
143 407
144 430
145 388
146 359
147 376
148 339
149 338
150 349
151 427
152 346
153 325
154 341
155 307
156 326
157 330
158 298
159 299
160 337
161 308
162 342
163 321
164 326
165 344
166 337
167 306
168 369
169 388
170 378
171 419
172 384
173 360
174 353
175 375
176 387
177 356
178 342
179 339
180 379
181 344
182 312
183 321
184 348
185 319
186 299
187 332
188 316
189 331
190 306
191 347
192 362
193 279
194 286
195 234
196 200
197 184
198 211
199 201
200 184
201 187
202 168
203 129
204 157
205 152
206 161
207 180
208 157
209 156
210 122
211 124
212 123
213 129
214 120
215 107
216 107
217 88
218 94
219 99
220 101
221 104
222 122
223 83
224 101
225 115
226 88
227 110
228 109
229 121
230 116
231 156
232 173
233 155
234 83
235 102
236 110
237 70
238 88
239 98
240 84
241 89
242 86
243 94
244 91
245 115
246 116
247 132
248 157
249 172
250 229
251 199
252 184
253 173
254 162
255 4408
