0 230
1 188
2 200
3 179
4 265
5 270
6 332
7 351
8 397
9 519
10 549
11 590
12 565
13 534
14 550
15 569
16 503
17 546
18 559
19 587
20 614
21 593
22 620
23 625
24 700
25 718
26 735
27 748
28 743
29 759
30 792
31 808
32 824
33 827
34 853
35 819
36 927
37 891
38 893
39 976
40 974
41 964
42 1026
43 1070
44 1146
45 1128
46 1205
47 1241
48 1262
49 1291
50 1320
51 1342
52 1415
53 1417
54 1513
55 1412
56 1468
57 1435
58 1582
59 1576
60 1635
61 1624
62 1678
63 1598
64 1775
65 1720
66 1715
67 1737
68 1783
69 1708
70 1905
71 1914
72 1924
73 1938
74 1982
75 1996
76 1957
77 2016
78 2074
79 2212
80 2258
81 2136
82 2264
83 2409
84 2327
85 2354
86 2415
87 2470
88 2504
89 2474
90 2629
91 2717
92 2779
93 2796
94 2754
95 2853
96 2890
97 2970
98 3043
99 2947
100 2959
101 2892
102 2974
103 2899
104 2919
105 2946
106 2929
107 2901
108 2946
109 2891
110 2836
111 2792
112 2810
113 2842
114 2787
115 2755
116 2636
117 2577
118 2663
119 2524
120 2458
121 2512
122 2390
123 2313
124 2267
125 2226
126 2089
127 2060
128 1972
129 1987
130 1820
131 1725
132 1719
133 1639
134 1501
135 1466
136 1477
137 1343
138 1327
139 1258
140 1243
141 1224
142 1241
143 1230
144 1114
145 1118
146 1100
147 1042
148 1011
149 982
150 905
151 938
152 932
153 854
154 853
155 853
156 860
157 854
158 840
159 804
160 782
161 790
162 792
163 765
164 759
165 736
166 727
167 755
168 730
169 753
170 686
171 784
172 738
173 721
174 729
175 688
176 710
177 747
178 733
179 777
180 734
181 761
182 753
183 742
184 762
185 733
186 753
187 719
188 795
189 805
190 773
191 786
192 763
193 742
194 855
195 723
196 759
197 701
198 635
199 675
200 615
201 575
202 478
203 499
204 503
205 417
206 446
207 434
208 433
209 625
210 616
211 599
212 548
213 469
214 445
215 402
216 424
217 450
218 424
219 411
220 395
221 369
222 344
223 304
224 330
225 311
226 297
227 332
228 277
229 292
230 247
231 232
232 245
233 216
234 208
235 205
236 213
237 205
238 195
239 186
240 225
241 193
242 194
243 220
244 189
245 152
246 145
247 123
248 110
249 105
250 103
251 143
252 293
253 298
254 229
255 306
