0 0
1 5
2 1
3 2
4 4
5 3
6 7
7 9
8 9
9 18
10 51
11 131
12 94
13 66
14 67
15 68
16 46
17 61
18 48
19 43
20 41
21 57
22 59
23 44
24 72
25 70
26 69
27 62
28 76
29 56
30 68
31 84
32 82
33 91
34 86
35 87
36 95
37 99
38 152
39 130
40 129
41 146
42 124
43 131
44 193
45 209
46 246
47 220
48 242
49 266
50 257
51 231
52 223
53 169
54 181
55 152
56 159
57 187
58 168
59 181
60 189
61 222
62 223
63 263
64 318
65 329
66 388
67 382
68 510
69 486
70 480
71 484
72 533
73 610
74 659
75 701
76 763
77 856
78 1022
79 1225
80 1605
81 2152
82 2979
83 3798
84 4074
85 4585
86 4961
87 4839
88 4754
89 4443
90 3928
91 3561
92 3259
93 3031
94 2734
95 2660
96 2821
97 3069
98 3280
99 3620
100 3650
101 3501
102 3437
103 3266
104 3033
105 3082
106 2927
107 2762
108 2594
109 2372
110 2266
111 2208
112 2187
113 2031
114 1867
115 1770
116 1581
117 1477
118 1503
119 1504
120 1513
121 1530
122 1416
123 1423
124 1377
125 1260
126 1223
127 1162
128 1072
129 970
130 964
131 953
132 871
133 875
134 804
135 690
136 706
137 646
138 718
139 714
140 695
141 657
142 586
143 633
144 637
145 627
146 626
147 596
148 626
149 609
150 677
151 658
152 659
153 593
154 610
155 549
156 610
157 625
158 663
159 656
160 645
161 608
162 630
163 615
164 696
165 713
166 692
167 749
168 870
169 907
170 982
171 1072
172 1161
173 1171
174 1093
175 1090
176 959
177 661
178 486
179 410
180 294
181 313
182 312
183 278
184 290
185 281
186 322
187 295
188 284
189 313
190 296
191 288
192 285
193 248
194 234
195 253
196 247
197 186
198 178
199 160
200 168
201 149
202 144
203 127
204 133
205 130
206 156
207 130
208 151
209 124
210 130
211 121
212 95
213 95
214 88
215 101
216 70
217 69
218 67
219 52
220 52
221 50
222 48
223 38
224 39
225 40
226 41
227 38
228 34
229 44
230 38
231 44
232 31
233 34
234 29
235 42
236 38
237 30
238 34
239 37
240 35
241 40
242 29
243 53
244 47
245 92
246 100
247 181
248 323
249 271
250 222
251 120
252 32
253 21
254 10
255 6
